4.239531949531979649e+01 1.483528564485376933e+01
9.766107788489554764e+01 8.274440244805904854e+01
2.932239305524032602e+01 8.494184705975516003e-01
3.071479514143696932e+01 9.676851525257596620e+01
2.853798321200316934e+01 5.927379348485150246e+01
2.804880484612689528e+01 7.995911531267992700e+01
3.770993429537584518e+01 6.132794574904963980e+01
7.941035406981296774e+01 2.533864617580426781e+01
4.809718662966425740e+01 5.446357111201353973e+01
6.337091540449208793e+01 1.269941801907525925e+00
6.751962318250451744e+01 2.377435627504882376e+01
3.275651945916826691e+01 2.087088291602238144e+01
6.127841575032503130e+01 1.507866425524916387e+01
9.148068836695227901e+01 5.160742732926905063e+01
6.129679519877932137e+01 6.055656420933418360e+01
6.158071550436861052e+00 5.061289218103443943e+01
5.541182143849931663e+01 3.285369880682333843e+01
3.522015866875734247e+01 4.507554779012012958e+00
7.157662873409348947e+01 3.353169939806920041e+01
6.273100899071937242e+00 9.485018888932141579e+01
1.798021954320294657e+00 1.688860986089855132e+01
8.306282654340954252e+01 7.785782976958653023e+01
1.804303277501527702e+01 2.331182313473104628e+01
8.305829084349760194e+01 8.881311380234041053e+01
5.146044199306682998e+01 5.052611583762464420e+01
4.687125854876062192e+01 9.353227992022463866e+01
5.987662459128374337e+01 4.803975186867104696e+01
2.019594878796240423e+01 1.289355780395250406e+01
2.373929924878175513e+01 6.966349122833743479e+01
6.967473402555745565e+01 6.443616250422617497e+01
9.989436213808357934e+01 7.400450762744975464e+01
5.957222178361480047e+01 9.266033080238983644e+01
4.089072190583067368e+01 4.888447156829778706e+00
8.824250547445222637e+00 6.570810389697776088e+01
7.411042738737322111e+01 3.702732241963172299e+01
2.654231801155517800e+01 3.968280562677385603e+01
7.854532532472310891e+01 3.306558054213925857e+01
8.319291579421343386e+01 4.158720605065748543e+01
4.759629378562960511e+01 8.947673802834576406e+01
5.917092415761835156e+01 1.312973839640399021e+01
3.681681468359541043e+01 7.264574752884188058e+01
4.264253131627352644e+01 4.878058238915955513e+01
3.455734751390422588e+01 5.902612401551909471e+00
4.451694439044405982e+01 4.154369428157692568e+01
1.073201719831319245e+01 2.818477554590701573e+01
1.815309217857852175e+01 1.593549295242238095e+01
7.858083413874386736e+01 8.899225872531366122e+01
5.448859241372628048e+01 2.659973838679747615e+01
1.320844149308149085e+01 1.805069262934424401e+01
2.115070938090286745e+01 5.512491009989582125e+01
9.783892453873699324e+00 3.149541799546524601e+01
5.559622193282779534e+01 4.011268253656375293e+00
3.473847930425662156e+01 8.819566912908076972e+01
7.094312932973608099e+01 8.890250322664689975e+01
9.499306252116636529e+01 4.029256923681787583e+01
6.679778893660409267e+01 5.281087105431575424e+01
4.804084728380608738e+01 1.734370440120591716e-01
3.140000232197853691e+01 6.075894498112991471e+01
7.688027759806481676e-01 7.496844680372939251e+01
7.461588139156349087e+01 7.214671298217056972e+01
7.272787817839810032e+01 2.931664984630549853e+01
5.886867941623508571e+00 2.075861583419008483e+01
9.719542215779324579e+01 1.019111704427131393e+01
3.762052491463789039e+01 6.166566597428081309e+01
2.708326359908181757e+01 2.070532245925171821e+01
5.954179426087469551e+01 7.338312936512740237e+01
1.632887513611835928e+01 1.365345266066944063e+01
2.362603859859326860e+01 9.531284798178309359e+01
2.442807325148979203e+01 6.923111150061552621e+01
6.285357557186017630e+01 9.268404353510328519e+01
9.675277192613714305e+01 5.248327986242482268e+01
2.981205650362261927e+00 1.648562089740413938e+01
4.285246869476678100e+00 9.230399179599211834e+01
2.594710563508122547e+01 2.932782145447864153e+01
9.861292020554078874e+01 8.759718185115249867e+01
4.300324446944063794e+01 3.708061785361140750e+01
5.832246412889870868e+01 4.660485535747560526e+00
1.024810905494633051e+00 3.873856089911222966e+01
5.971308817808189673e+01 6.740368169509119411e+01
2.033546279772679810e+01 8.665872480891951568e+01
2.990329469334860235e+01 7.539609970910093750e+01
7.008232796661917519e+01 9.208099356800694579e+01
7.456952080502401259e+01 1.195383794564741642e+00
2.176033435069392041e+01 7.321200126531262242e+01
3.592683798031275444e+01 1.023809638222409291e+01
1.818798613428374011e-01 5.121621796907108859e+01
9.858647096137325150e+01 7.861371628649901311e+01
9.050226394326992363e+01 7.772171744841574537e+01
5.111252468653530912e+01 7.600067254046081189e+01
2.058877834680821195e+01 3.477334549615176229e+01
2.806884745374140877e+01 6.139069999603567140e+01
1.241363012254213061e+01 3.881115870018443559e+01
6.704113443730365418e+01 8.449394582513413354e+00
4.120090806686393847e+01 7.456993799506680887e+01
3.333963190781902597e+01 7.948484865195273130e+01
5.567805239434355968e+01 5.757922895040996991e+01
4.044274350153884967e+01 3.404196434940421767e+01
8.794515425685122523e+01 7.381275150156022846e+01
2.135625898870718853e+00 9.728460568214021009e+01
5.400519873952910643e+01 7.248419539570738834e+01
