4.475721174902914612e+01 8.043179521280347899e+01
6.313191536453266473e-01 9.112710625158703692e+01
5.620979015829853154e+01 7.053694583995135758e+01
3.041729195570671607e+01 4.015303100171568929e+01
7.149600973947988791e+01 8.204880423824389979e-02
1.054930627561571121e+01 4.971841259756723730e+01
7.968149391749574306e+01 4.312779184548542588e+00
6.412710935953082014e+01 7.140123134365119029e+01
1.838400624379313797e+01 6.383569151663528629e+01
6.614935139513404749e+01 3.350350638627719313e+00
7.157857410017459188e+01 5.971163405503040167e+01
1.744846664661604407e+01 6.385101732119085227e+01
7.763932212852489556e+01 1.174756031163084558e+01
2.204023896863631649e+01 4.834036577097155174e+01
2.685785674263740930e+00 4.244430867087434223e+00
6.924287719862475399e+01 2.659055607287694656e+01
7.603394032235186728e+01 1.405463536098313604e+01
1.441349268540443873e+01 7.903531565705213424e+00
4.418903104209675092e+01 1.110312566461864137e+01
8.896896349532779524e+00 1.078747457789996922e+00
8.730728770486278734e+01 9.875448498419396515e+01
8.763094312004649566e+01 6.473759995685628610e+01
1.419479024641346854e+01 9.528354563033315117e+01
2.543215113906993707e+01 7.339938975264408327e+01
8.675987834267809262e+01 4.943933083589927691e+01
9.872217646895144583e+01 7.030020643808005332e+01
7.345063225472636681e+00 3.740376121063615500e+00
6.305402401252769806e+01 6.791334886619981148e+01
6.659008180083003658e+00 8.888123377438458306e+01
7.040814535932820206e+01 7.436641562554666507e+01
5.808091330473396852e+01 9.613331182765854521e+01
7.867026389972878064e+01 9.106178372151275369e+01
8.715138117154972974e+01 8.317770921672047280e+01
7.252944402774710397e+01 7.199658342005143652e+01
5.470748901823269250e+01 2.893461533051187118e+01
3.101029650051419040e+01 2.463447401844847207e+01
6.736793757387889059e+01 1.175246087586783261e+01
8.115676458963964990e+01 2.125597710396309736e+01
9.981838562658565195e+01 2.355915666573836731e+01
1.682098157172366015e+01 2.809592454363369995e+01
5.740376917180605432e+01 5.511315297039915606e+01
7.742591680591051784e+01 9.211977276614420873e+01
2.144179037520149578e+01 9.228042895398564838e+01
8.006553030345615696e+01 9.614796948770970175e+01
5.857158395770720460e+01 1.991213612005150324e+01
2.234626571225843961e+01 4.001831734922522976e+00
3.637436131741100809e+01 7.262058968685862226e+01
4.959302428722620704e+01 5.974850812887966711e+00
8.500852118954692571e+01 9.258414405144310422e+01
9.550866790367192039e+01 4.979344636498983334e+01
6.155677680114205685e+01 3.029775499197643285e+01
5.661444235270657543e+01 8.622708378093221881e+01
3.237458221805500358e+00 8.166578692507401627e+01
2.497259019268768299e+01 4.240710787283543937e+01
5.022447957167877064e+01 8.498389455617282806e+01
9.810240713188456141e+00 2.508586648015054266e+01
5.715658655905593122e+01 8.578615635156053543e+01
9.108778059964734553e+01 6.764980182343175841e+01
8.631503252595305753e+01 2.945910859445854957e+00
9.687631644886816673e+01 1.230339144789271977e+01
2.902141268515918782e+01 5.398046410655064875e+01
2.050059545276736728e+01 2.003686461445461831e+01
2.376645277105986409e+01 8.212798056929212009e+01
8.096856383641404875e+01 6.216551728178482961e+01
3.780034482572421695e+01 1.814745286633961996e+01
1.553925563553780798e+01 8.116519798908686312e+01
2.412053111881443712e+01 4.375107664021488318e+01
2.403873216858101358e+01 4.932327357360330211e+01
6.679558852168765881e+00 1.684343915517373347e+01
1.151386971107248858e+00 3.502205526079954723e+01
6.479490034863856351e+01 2.228628765468082662e+01
3.364924145358791918e+01 6.691406715514939663e+01
5.218618846195437300e+01 8.775782472068546269e+01
1.934409266274235151e+01 5.296223881410413270e+01
7.873656677687722549e+01 2.614949208074276399e+01
1.717242369258864443e+01 8.926880863642486474e+01
5.466042367791636991e+01 9.048976126394528308e+01
6.540258513254941874e+01 8.387550359843956471e+01
1.356652696952210846e+01 8.308045898018247044e+01
3.751545006029522966e+01 3.680329644758376872e+01
9.402869662407759677e+01 2.795607817113901916e+01
5.034828348098434958e+01 2.119569534755287776e+01
9.517679432996793309e+01 6.775693300020007825e+01
8.304024751709883390e+01 9.915012351925851419e+01
1.801219429820672957e+01 2.033906717843218104e+01
3.950714049329512534e+01 5.273121608679797134e+01
2.495584452276042953e+01 1.817489464549192490e+01
6.721595998297638630e+01 3.266392557286059883e+01
1.604752714465593755e+01 3.247100631655543168e+01
3.097225095242385251e+01 7.523803411090841564e+01
7.438313542552219815e+01 6.325361060633512977e+01
9.494026132855495348e+01 1.823878129153125727e+01
2.869456578788153323e+01 3.283698597678895936e+01
8.714573930120812406e+01 7.453297720406033022e+01
7.935681278609870049e+01 8.970109552080941739e+01
7.446708166782487126e+01 4.593325066969513415e+01
3.936560678317206907e+01 7.905830646318801058e+00
4.926955785426888923e+01 9.079586014052631882e+00
1.170546927915228075e+01 4.839022784506840225e+01
5.676974881128617056e+01 7.448239332963953530e+01
